{
 "cells": [
  {
   "cell_type": "code",
   "execution_count": 1,
   "metadata": {},
   "outputs": [],
   "source": [
    "import numpy as np"
   ]
  },
  {
   "cell_type": "code",
   "execution_count": 2,
   "metadata": {},
   "outputs": [],
   "source": [
    "def environment(tup, action):\n",
    "    if (tup[0]==0 and action==1)or(tup[0]==3 and action==3)or(tup[1]==0 and action==0)or(tup[1]==3 and action==2):\n",
    "        return tup\n",
    "    if action==0:\n",
    "        return (tup[0], tup[1]-1)\n",
    "    elif action==1:\n",
    "        return (tup[0]-1, tup[1])\n",
    "    elif action==2:\n",
    "        return (tup[0], tup[1]+1)\n",
    "    elif action==3:\n",
    "        return (tup[0]+1, tup[1])\n",
    "    return"
   ]
  },
  {
   "cell_type": "code",
   "execution_count": 3,
   "metadata": {},
   "outputs": [
    {
     "name": "stdout",
     "output_type": "stream",
     "text": [
      "k = 0\n",
      "[[0. 0. 0. 0.]\n",
      " [0. 0. 0. 0.]\n",
      " [0. 0. 0. 0.]\n",
      " [0. 0. 0. 0.]]\n",
      "k = 1\n",
      "[[ 0. -1. -1. -1.]\n",
      " [-1. -1. -1. -1.]\n",
      " [-1. -1. -1. -1.]\n",
      " [-1. -1. -1.  0.]]\n",
      "k = 2\n",
      "[[ 0.   -1.75 -2.   -2.  ]\n",
      " [-1.75 -2.   -2.   -2.  ]\n",
      " [-2.   -2.   -2.   -1.75]\n",
      " [-2.   -2.   -1.75  0.  ]]\n",
      "k = 3\n",
      "[[ 0.     -2.4375 -2.9375 -3.    ]\n",
      " [-2.4375 -2.875  -3.     -2.9375]\n",
      " [-2.9375 -3.     -2.875  -2.4375]\n",
      " [-3.     -2.9375 -2.4375  0.    ]]\n",
      "k = 4\n",
      "[[ 0.      -3.0625  -3.84375 -3.96875]\n",
      " [-3.0625  -3.71875 -3.90625 -3.84375]\n",
      " [-3.84375 -3.90625 -3.71875 -3.0625 ]\n",
      " [-3.96875 -3.84375 -3.0625   0.     ]]\n",
      "k = 5\n",
      "[[ 0.        -3.65625   -4.6953125 -4.90625  ]\n",
      " [-3.65625   -4.484375  -4.78125   -4.6953125]\n",
      " [-4.6953125 -4.78125   -4.484375  -3.65625  ]\n",
      " [-4.90625   -4.6953125 -3.65625    0.       ]]\n",
      "k = 6\n",
      "[[ 0.         -4.20898438 -5.50976562 -5.80078125]\n",
      " [-4.20898438 -5.21875    -5.58984375 -5.50976562]\n",
      " [-5.50976562 -5.58984375 -5.21875    -4.20898438]\n",
      " [-5.80078125 -5.50976562 -4.20898438  0.        ]]\n",
      "k = 7\n",
      "[[ 0.         -4.734375   -6.27734375 -6.65527344]\n",
      " [-4.734375   -5.89941406 -6.36425781 -6.27734375]\n",
      " [-6.27734375 -6.36425781 -5.89941406 -4.734375  ]\n",
      " [-6.65527344 -6.27734375 -4.734375    0.        ]]\n",
      "k = 8\n",
      "[[ 0.         -5.2277832  -7.0078125  -7.46630859]\n",
      " [-5.2277832  -6.54931641 -7.08837891 -7.0078125 ]\n",
      " [-7.0078125  -7.08837891 -6.54931641 -5.2277832 ]\n",
      " [-7.46630859 -7.0078125  -5.2277832   0.        ]]\n",
      "k = 9\n",
      "[[ 0.         -5.69622803 -7.6975708  -8.23706055]\n",
      " [-5.69622803 -7.15808105 -7.77856445 -7.6975708 ]\n",
      " [-7.6975708  -7.77856445 -7.15808105 -5.69622803]\n",
      " [-8.23706055 -7.6975708  -5.69622803  0.        ]]\n",
      "k = 10\n",
      "[[ 0.         -6.13796997 -8.35235596 -8.96731567]\n",
      " [-6.13796997 -7.73739624 -8.42782593 -8.35235596]\n",
      " [-8.35235596 -8.42782593 -7.73739624 -6.13796997]\n",
      " [-8.96731567 -8.35235596 -6.13796997  0.        ]]\n",
      "k = inf\n",
      "[[  0.         -13.99999897 -19.99999848 -21.9999983 ]\n",
      " [-13.99999897 -17.99999866 -19.99999849 -19.99999848]\n",
      " [-19.99999848 -19.99999849 -17.99999866 -13.99999897]\n",
      " [-21.9999983  -19.99999848 -13.99999897   0.        ]]\n"
     ]
    }
   ],
   "source": [
    "v_k = np.zeros((4,4))\n",
    "v_k1 = np.zeros((4,4))\n",
    "\n",
    "for k in range(300):\n",
    "    for i in range(4):\n",
    "        for j in range(4):\n",
    "            if (i==0 and j==0) or (i==3 and j==3): continue\n",
    "            else:\n",
    "                sum_ = 0.0\n",
    "                for a in range(4):\n",
    "                    tup = environment((i,j),a)\n",
    "                    sum_ += (-1 + v_k[tup])/4.0\n",
    "                v_k1[i,j] = sum_\n",
    "    if k>10:\n",
    "        v_k = v_k1.copy()\n",
    "        continue\n",
    "    print('k = %d'%k)\n",
    "    print(v_k)\n",
    "    v_k = v_k1.copy()\n",
    "print('k = inf')\n",
    "print(v_k)"
   ]
  }
 ],
 "metadata": {
  "kernelspec": {
   "display_name": "Python 3",
   "language": "python",
   "name": "python3"
  },
  "language_info": {
   "codemirror_mode": {
    "name": "ipython",
    "version": 3
   },
   "file_extension": ".py",
   "mimetype": "text/x-python",
   "name": "python",
   "nbconvert_exporter": "python",
   "pygments_lexer": "ipython3",
   "version": "3.6.8"
  }
 },
 "nbformat": 4,
 "nbformat_minor": 2
}
